255 255 255 255 255 255 255 255 255 255 255 255 255 255 255 255
255 255 255 255 255 255 255 195 195 255 255 255 255 255 255 255
255 255 255 255 255 255 255  18  18 255 255 255 255 255 255 255
255 255 255 255  18  18  18  18  18  18  18  18 255 255 255 255
255 255 255  18  18 255 255  18  18 255 255  18  18 255 255 255
255 255  18  18 255  18  18  18  18  18  18 255  18  17 255 255
255 255  18 255  18  18 255 255 255 255  18  18 255  18 255 255
255 255  18 255  18 255 255 255 255 255 255  18 255  18 152 255
255  24  18 255  18 255 255 255 255 255 255  18 255  18  18 255
255 254  18 255  19 255 255 255 255 255 255  19 255  18 243 255
255 255  18  18  18  17 255 255 255 255  18  18  18  17 255 255
255  18  18  18 255  18  18  18  18  18  18 255  18  18  18 255
255 255 255  18  18 255 255 255 255 255 255  18  18 255 255 255
255 255 255 255  42  18  18  18  18  18  18  19 255 255 255 255
255 255 255 255 255 255 255 254 253 255 255 255 255 255 255 255
255 255 255 255 255 255 255 255 255 255 255 255 255 255 255 255
255 255 255 255 255 255 255 255 255 255 255 255 255 255 255 255
255 255 255 255 255 255 255 189 189 255 255 255 255 255 255 255
255 255 255 255 255 255 255   0   0 255 255 255 255 255 255 255
255 255 255 255   0   0   0   0   0   0   0   0 255 255 255 255
255 255 255   0   0 255 255   0   0 255 255   0   0 255 255 255
255 255   0   0 255   0   0   0   0   0   0 255   0   1 255 255
255 255   0 255   0   0 255 255 255 255   0   0 255   0 255 255
255 255   0 255   0 255 255 255 255 255 255   0 255   0 146 255
255   8   0 255   0 255 255 255 255 255 255   0 255   0   0 255
255 255   0 255   0 255 255 255 255 255 255   0 255   0 239 255
255 255   0   0   0   0 255 255 255 255   0   0   0   0 255 255
255   0   0   0 255   0   0   0   0   0   0 255   0   0   0 255
255 255 255   0   0 255 255 255 255 255 255   0   0 255 255 255
255 255 255 255  26   0   0   0   0   0   0   2 255 255 255 255
255 255 255 255 255 255 255 254 254 255 255 255 255 255 255 255
255 255 255 255 255 255 255 255 255 255 255 255 255 255 255 255
255 255 255 255 255 255 255 255 255 255 255 255 255 255 255 255
255 255 255 255 255 255 255 255 255 255 255 255 255 255 255 255
255 255 255 255 255 255 255 231 231 255 255 255 255 255 255 255
255 255 255 255 231 231 231 231 231 231 231 231 255 255 255 255
255 255 255 231 231 255 255 231 231 255 255 231 231 255 255 255
255 255 230 231 255 231 231 231 231 231 231 255 231 229 255 255
255 255 231 255 231 231 255 255 255 255 231 231 255 231 255 255
255 255 231 255 231 255 255 255 255 255 255 231 255 231 227 255
255 213 231 255 231 255 255 255 255 255 255 231 255 231 230 255
255 254 231 255 231 255 255 255 255 255 255 230 255 231 255 255
255 255 231 231 231 231 255 255 255 255 231 231 231 228 255 255
255 231 231 231 255 231 231 231 231 231 231 255 231 231 231 255
255 255 255 231 231 255 255 255 255 255 255 231 231 255 255 255
255 255 255 255 227 231 231 231 231 231 231 225 255 255 255 255
255 255 255 255 255 255 255 255 255 255 255 255 255 255 255 255
255 255 255 255 255 255 255 255 255 255 255 255 255 255 255 255

255 255 255 255 255 255 255 252 248 252 254 234 254 255 255 255
255 255 255 255 255 248 164  92  76  96 182  60 192 255 255 255
255 255 255 255 215  65  38  76  92  81 122  18 178 255 255 255
255 255 255 217  43  88 205 180 147 177  22  62  87 237 255 255
255 255 253 105  61 209  75  35  60  94  27 222  60  98 254 255
255 255 232  21 217  71  82 213 236 215 107  75 182  34 245 255
255 247 132  64 217  25 224 255 255 255 218  25 198  34 195 255
255 175  32  33  54  69 254 255 255 255 250  38 154  62 154 255
255 178  36  36  62  66 254 255 255 255 249  38 155  61 155 255
255 251 140  64 224  23 219 255 255 255 213  24 203  33 198 255
255 255 236  22 211  79  73 206 230 208  95  82 175  36 247 255
255 255 254 112  53 211  86  28  53  90  27 228  53 105 254 255
255 255 255 225  50  74 200 192 165 180  22  64  91 242 255 255
255 255 255 255 224  77  32  68  83  75 122  18 181 255 255 255
255 255 255 255 255 251 181 103  84 108 191  64 196 255 255 255
255 255 255 255 255 255 255 254 251 254 254 239 255 255 255 255
255 255 255 255 255 255 255 252 248 252 253 232 254 255 255 255
255 255 255 255 255 247 157  79  62  84 176  45 188 255 255 255
255 255 255 255 212  51  23  62  80  68 112   0 172 255 255 255
255 255 255 215  27  76 201 174 139 171   5  48  75 236 255 255
255 255 253  94  47 205  62  19  46  82   9 219  45  86 254 255
255 255 231   4 214  57  70 210 235 213  96  63 177  17 245 255
255 246 124  51 214   8 222 255 255 255 215   7 194  17 190 255
255 169  15  17  39  56 254 255 255 255 249  21 147  48 147 255
255 172  19  20  48  52 254 255 255 255 249  21 148  46 148 255
255 251 133  50 222   7 216 255 255 255 210   6 199  16 194 255
255 255 235   4 208  66  60 201 228 204  84  70 169  20 247 255
255 255 254 101  38 208  74  11  38  78   9 226  39  95 254 255
255 255 255 222  35  61 196 187 158 175   5  50  80 241 255 255
255 255 255 255 221  64  16  53  71  62 112   0 176 255 255 255
255 255 255 255 255 250 175  92  72  97 187  51 192 255 255 255
255 255 255 255 255 255 255 253 251 254 253 238 255 255 255 255
255 255 255 255 255 255 255 254 254 255 254 252 255 255 255 255
255 255 255 255 255 253 244 237 236 237 245 234 247 255 255 255
255 255 255 255 249 234 232 236 237 236 239 231 245 255 255 255
255 255 255 250 232 236 248 245 242 244 230 233 236 252 255 255
255 255 254 238 233 248 234 232 234 236 231 249 233 237 255 255
255 255 251 230 249 234 235 250 252 250 237 235 245 231 253 255
255 253 240 233 250 230 250 255 255 255 250 231 248 231 247 255
255 245 232 232 234 234 254 255 255 255 254 233 244 233 243 255
255 246 232 232 235 234 254 255 255 255 254 233 244 234 243 255
255 254 241 233 251 230 250 255 255 255 249 231 248 231 247 255
255 255 252 230 249 235 235 249 252 249 236 236 245 232 253 255
255 255 254 239 233 248 236 231 233 236 231 250 233 238 255 255
255 255 255 250 233 235 248 246 243 245 230 233 236 252 255 255
255 255 255 255 250 235 231 235 236 235 239 231 245 255 255 255
255 255 255 255 255 254 245 238 236 238 246 234 247 255 255 255
255 255 255 255 255 255 255 255 254 255 255 253 255 255 255 255

255 255 255 255 255 255 255 255 255 255 255 255 255 255 255 255
255 255 255 255 254 245 195 154 155 198 247 254 255 255 255 255
255 255 255 237  98  34  34  62  61  33  36 105 242 255 255 255
254 192 178  87  60 182 198 154 155 203 175  53  91 181 196 255
234  60  18  62 222  75  25  38  38  24  82 228  64  18  64 239
254 182 122  22  27 107 218 250 249 213  95  27  22 122 191 254
252  96  81 177  94 215 255 255 255 255 208  90 180  75 108 254
248  76  92 147  60 236 255 255 255 255 230  53 165  83  84 251
252  92  76 180  35 213 255 255 255 255 206  28 192  68 103 254
255 164  38 205  75  82 224 254 254 219  73  86 200  32 181 255
255 248  65  88 209  71  25  69  66  23  79 211  74  77 251 255
255 255 215  43  61 217 217  54  62 224 211  53  50 224 255 255
255 255 255 217 105  21  64  33  36  64  22 112 225 255 255 255
255 255 255 255 253 232 132  32  36 140 236 254 255 255 255 255
255 255 255 255 255 255 247 175 178 251 255 255 255 255 255 255
255 255 255 255 255 255 255 255 255 255 255 255 255 255 255 255
255 255 255 255 255 255 255 255 255 255 255 255 255 255 255 255
255 255 255 255 254 245 190 147 148 194 247 254 255 255 255 255
255 255 255 236  86  17  17  48  46  16  20  95 241 255 255 255
254 188 172  75  45 177 194 147 148 199 169  39  80 176 192 255
232  45   0  48 219  63   7  21  21   6  70 226  50   0  51 238
253 176 112   5   9  96 215 249 249 210  84   9   5 112 187 253
252  84  68 171  82 213 255 255 255 255 204  78 175  62  97 254
248  62  80 139  46 235 255 255 255 255 228  38 158  71  72 251
252  79  62 174  19 210 255 255 255 255 201  11 187  53  92 253
255 157  23 201  62  70 222 254 254 216  60  74 196  16 175 255
255 247  51  76 205  57   8  56  52   7  66 208  61  64 250 255
255 255 212  27  47 214 214  39  48 222 208  38  35 221 255 255
255 255 255 215  94   4  51  17  20  50   4 101 222 255 255 255
255 255 255 255 253 231 124  15  19 133 235 254 255 255 255 255
255 255 255 255 255 255 246 169 172 251 255 255 255 255 255 255
255 255 255 255 255 255 255 255 255 255 255 255 255 255 255 255
255 255 255 255 255 255 255 255 255 255 255 255 255 255 255 255
255 255 255 255 255 253 247 243 243 247 253 255 255 255 255 255
255 255 255 252 237 231 231 233 234 231 232 238 252 255 255 255
255 247 245 236 233 245 248 244 244 248 245 233 236 245 247 255
252 234 231 233 249 235 231 233 233 231 236 250 233 231 234 253
254 245 239 230 231 237 250 254 254 249 236 231 230 239 246 255
255 237 236 244 236 250 255 255 255 255 249 236 245 235 238 255
254 236 237 242 234 252 255 255 255 255 252 233 243 236 236 254
254 237 236 245 232 250 255 255 255 255 249 231 246 235 238 255
255 244 232 248 234 235 250 254 254 250 235 236 248 231 245 255
255 253 234 236 248 234 230 234 234 230 235 248 235 235 254 255
255 255 249 232 233 249 250 234 235 251 249 233 233 250 255 255
255 255 255 250 238 230 233 232 232 233 230 239 250 255 255 255
255 255 255 255 254 251 240 232 232 241 252 254 255 255 255 255
255 255 255 255 255 255 253 245 246 254 255 255 255 255 255 255
255 255 255 255 255 255 255 255 255 255 255 255 255 255 255 255

255 255 255 255 239 254 254 251 254 255 255 255 255 255 255 255
255 255 255 196  64 191 108  84 103 181 251 255 255 255 255 255
255 255 255 181  18 122  75  83  68  32  77 224 255 255 255 255
255 255 242  91  64  22 180 165 192 200  74  50 225 255 255 255
255 254 105  53 228  27  90  53  28  86 211  53 112 254 255 255
255 247  36 175  82  95 208 230 206  73  79 211  22 236 255 255
255 198  33 203  24 213 255 255 255 219  23 224  64 140 251 255
255 155  61 155  38 249 255 255 255 254  66  62  36  36 178 255
255 154  62 154  38 250 255 255 255 254  69  54  33  32 175 255
255 195  34 198  25 218 255 255 255 224  25 217  64 132 247 255
255 245  34 182  75 107 215 236 213  82  71 217  21 232 255 255
255 254  98  60 222  27  94  60  35  75 209  61 105 253 255 255
255 255 237  87  62  22 177 147 180 205  88  43 217 255 255 255
255 255 255 178  18 122  81  92  76  38  65 215 255 255 255 255
255 255 255 192  60 182  96  76  92 164 248 255 255 255 255 255
255 255 255 254 234 254 252 248 252 255 255 255 255 255 255 255
255 255 255 255 238 253 254 251 253 255 255 255 255 255 255 255
255 255 255 192  51 187  97  72  92 175 250 255 255 255 255 255
255 255 255 176   0 112  62  71  53  16  64 221 255 255 255 255
255 255 241  80  50   5 175 158 187 196  61  35 222 255 255 255
255 254  95  39 226   9  78  38  11  74 208  38 101 254 255 255
255 247  20 169  70  84 204 228 201  60  66 208   4 235 255 255
255 194  16 199   6 210 255 255 255 216   7 222  50 133 251 255
255 148  46 148  21 249 255 255 255 254  52  48  20  19 172 255
255 147  48 147  21 249 255 255 255 254  56  39  17  15 169 255
255 190  17 194   7 215 255 255 255 222   8 214  51 124 246 255
255 245  17 177  63  96 213 235 210  70  57 214   4 231 255 255
255 254  86  45 219   9  82  46  19  62 205  47  94 253 255 255
255 255 236  75  48   5 171 139 174 201  76  27 215 255 255 255
255 255 255 172   0 112  68  80  62  23  51 212 255 255 255 255
255 255 255 188  45 176  84  62  79 157 247 255 255 255 255 255
255 255 255 254 232 253 252 248 252 255 255 255 255 255 255 255
255 255 255 255 253 255 255 254 255 255 255 255 255 255 255 255
255 255 255 247 234 246 238 236 238 245 254 255 255 255 255 255
255 255 255 245 231 239 235 236 235 231 235 250 255 255 255 255
255 255 252 236 233 230 245 243 246 248 235 233 250 255 255 255
255 255 238 233 250 231 236 233 231 236 248 233 239 254 255 255
255 253 232 245 236 236 249 252 249 235 235 249 230 252 255 255
255 247 231 248 231 249 255 255 255 250 230 251 233 241 254 255
255 243 234 244 233 254 255 255 255 254 234 235 232 232 246 255
255 243 233 244 233 254 255 255 255 254 234 234 232 232 245 255
255 247 231 248 231 250 255 255 255 250 230 250 233 240 253 255
255 253 231 245 235 237 250 252 250 235 234 249 230 251 255 255
255 255 237 233 249 231 236 234 232 234 248 233 238 254 255 255
255 255 252 236 233 230 244 242 245 248 236 232 250 255 255 255
255 255 255 245 231 239 236 237 236 232 234 249 255 255 255 255
255 255 255 247 234 245 237 236 237 244 253 255 255 255 255 255
255 255 255 255 252 254 255 254 254 255 255 255 255 255 255 255
